1238584.780000 2119017.100000
50 50
20 20
497919.450000 694269.190000
60 60
25 25
300000 497919.450000
60 60
21 21
2119017.100000 3664656.530000
50 0
23 0
694269.190000 1238584.780000
50 50
20 20
625739.410000 847303.870000
45 45
18 18
297568.060000 374155.570000
50 55
15 20
300000 297568.060000
40 50
10 15
847303.870000 1292708.480000
50 0
20 0
374155.570000 625739.410000
55 45
20 18
1693158.520000 2992127.100000
40 38
19.500000 20.500000
507536.580000 902732.340000
45 45
22 22
300000 507536.580000
45 45
18 18
2992127.100000 5128897.520000
38 0
20.500000 0
902732.340000 1693158.520000
35 35
20 20
906355.880000 1425443.050000
6 6
14.500000 14.500000
427891.170000 586095.080000
5 5
12 12
300000 427891.170000
0 0
15 15
1425443.050000 2371938.150000
8 0
16 0
427891.170000 586095.080000
5 5
12 14
429399.120000 423040.480000
45 1
1000 12
300000 429399.120000
45 45
15 15
743378.880000 1025949.920000
13 13
12 12
279140.580000 433327.670000
15 15
15 15
300000 279140.580000
0 0
20 20
433327.670000 743378.880000
15 15
17 17
908607.700000 1717527.990000
55 55
22.150000 22.150000
300000 510084.760000
55 55
22.150000 22.190000
3272722.470000 5800064.500000
55 0
22.150000 0
510084.760000 908607.700000
55 55
22.190000 22.150000
1717527.990000 3272722.470000
55 55
22.150000 22.150000
534262.070000 765735.290000
1 1
11 11
300000 406977.740000
50 50
14 14
1006118.830000 1399738.440000
1 0
11 0
406977.740000 534262.070000
1 1
10 10
765735.290000 1006118.830000
1 1
10 10
989560.260000 1901323.880000
55 55
22 22
3574632.880000 6296930.270000
55 0
22 0
522748.230000 989560.260000
55 55
22 22
1901323.880000 3574632.880000
55 55
22 22
847525.800000 1561661.840000
56 56
22.200000 22.200000
300000 483432.960000
55 55
22.100000 22.200000
483432.960000 847525.800000
55 56
22.200000 22.200000
1561661.840000 2993130.220000
56 56
22.190000 22.190000
835468.810000 383639.280000
55 55
30 20
300000 468696.760000
55 55
19 19
687618.640000 1366614.030000
55 0
21 0
835468.810000 383639.280000
55 55
30 30
383639.280000 687618.640000
55 55
20 20
358475.730000 444140.980000
100 100
18 17
300000 308406.880000
100 100
15 17
523797.610000 655923
100 0
18 0
308406.880000 358475.730000
100 100
17 18
444140.980000 523797.610000
100 100
17 18
300000 495129.810000
60 64
20 21.500000
895276.120000 1705297.960000
65 65
22 22
1705297.960000 3211463.050000
65 55
22 21.500000
3211463.050000 5627125.870000
55 0
21.500000 0
495129.810000 895276.120000
64 65
21.500000 22
312530.700000 353817.890000
75 75
13.500000 13.500000
353817.890000 433114.520000
80 80
15 15
433114.520000 533227.990000
80 0
15 0
300000 365274.980000
55 55
14 14
457814.970000 659332.680000
55 55
16 16.500000
659332.680000 994799.010000
55 55
16.500000 18
994799.010000 1648556.440000
55 0
18 0
365274.980000 457814.970000
55 55
14.100000 16
969857.040000 1881413.430000
48 48
21 21
1881413.430000 3504330.080000
51 51
21 21.100000
3504330.080000 6049942.840000
51 0
21.100000 0
300000 531760.460000
40 34
20 19.500000
300000 475294.690000
50 50
19 21
873859.860000 1326635.070000
50 60
24 22
1326635.070000 2570423.850000
60 61
22 21
2570423.850000 4452246.170000
61 0
21 0
475294.690000 873859.860000
50 50
21 21
1555582.150000 740971.240000
50 20
35 23
427985.880000 199726.140000
100 100
30 30
300000 364724.480000
100 100
25 25
904731.580000 1555582.150000
40 50
22 35
307818.310000 471725.070000
20 0
20 0
364724.480000 427985.880000
100 100
25 25
740971.240000 805469.950000
20 0
23 0
300000 383627.640000
13 13
15 15
199726.140000 307818.310000
5 5
16 16
504111.500000 904731.580000
28 40
18 22
383627.640000 -112372.360000
15 0
15 0
300000 504111.500000
25 25
18 18
487176.080000 763404.200000
40 38
20 21
763404.200000 1220410.490000
38 36
21 21
357986.280000 487176.080000
70 70
19 19
1220410.490000 1903648.630000
36 0
21 0
300000 357986.280000
60 70
17 19
634234.420000 1090922.200000
26 26
18 18
1090922.200000 1936735.250000
22 22
19 19
416588 634234.420000
40 40
17 17
1936735.250000 3162891.590000
21 0
19.990000 0
300000 416588
24 24
15 15
317579.490000 407724.150000
20 30
18 19
407724.150000 508987.340000
30 30
19 19
250291.710000 317579.490000
10 10
19 19
508987.340000 682721.940000
35 0
21 0
656464.830000 1082563.700000
24 24
18.530000 18.530000
1082563.700000 1950101.100000
65 65
21.530000 21.530000
454324.230000 656464.830000
10 24
18.530000 18.530000
1950101.100000 3438152.960000
65 0
21.530000 0
300000 454324.230000
12 10
16 18.530000
788564.770000 1130055.510000
15 15
20 20
1130055.510000 1346620.970000
60 0
26 0
344475.480000 485997.490000
30 30
16 16
300000 344475.480000
23 23
15 15
485997.490000 788564.770000
32 32
17 17
668865.760000 1205213.700000
37 37
19 19
1205213.700000 2153568.040000
33 33
19 19
429313.750000 668865.760000
11 37
18 19
2153568.040000 -56831.960000
38 0
19 0
300000 429313.750000
30 10
17 18
699561.700000 1053505.540000
50 50
20 20
1053505.540000 1932509.710000
55 55
21 21
424217.550000 699561.700000
40 40
20 20
1932509.710000 3302850.240000
55 0
23 0
300000 424217.550000
40 40
17 17
1009138.720000 1357155.480000
10 0
13.500000 0
603516.660000 762432.990000
10 10
14 14
300000 395565.420000
10 10
12 12
395565.420000 603516.660000
10 10
13 13
762432.990000 1009138.720000
10 10
13 13
1593514.610000 2816754.640000
20 0
18 0
300000 413571.720000
1 1
11 11
413571.720000 654812.330000
1 1
15.500000 15.500000
1041074.780000 1593514.610000
20 20
16 16
654812.330000 1041074.780000
1 1
16 16
297057.580000 306175.820000
1 1
10 10
299506.340000 297057.580000
40 40
20 20
326022.020000 363065.150000
1 0
12 0
1705336.620000 2507941.370000
10 0
18 0
414687.900000 620935.990000
3 3
12 12
1013101.670000 1705336.620000
5 5
15 15
620935.990000 1013101.670000
3 3
13 13
300000 414687.900000
2 2
11 11
300000 277214.230000
1 1
110 110
325435.550000 380935.660000
1 1
12 12
277214.230000 290035.730000
1 1
11 11
380935.660000 474096.440000
1 0
13 0
290035.730000 325435.550000
1 1
12 12
834791.120000 1405199.170000
13 13
15 15
1405199.170000 2418008.550000
13 0
16 0
386891.940000 545254
1 1
11 11
545254 834791.120000
2 2
12 12
300000 386891.940000
1 1
11 11
309213.920000 329169.760000
1 1
10 10
360544.450000 425907.130000
1 1
10 10
425907.130000 580090.980000
1 0
11 0
300000 309213.920000
1 1
10 10
574982.830000 1137981.250000
55 50
21 21
2257815.720000 4162846.940000
46 46
21 21
300000 574982.830000
55 55
21 21
4162846.940000 7050935.580000
46 0
21 0
1137981.250000 2257815.720000
50 46
21 21
3151142.040000 5533456.140000
45 0
21 0
477669.450000 872408.510000
67 55
21 21
300000 477669.450000
73 67
20 21
1665062.770000 3151142.040000
50 50
21 21
872408.510000 1665062.770000
55 50
21 21
306948.990000 335693.410000
65 65
13 13
300000 306948.990000
70 70
13 13
335693.410000 374493.710000
75 75
14 14
443030.740000 547761.990000
65 0
14 0
374493.710000 443030.740000
65 65
14 14
512931.870000 766434.260000
55 55
16 18
300000 372697.500000
55 55
14 15
372697.500000 512931.870000
55 55
15 16
1313769.130000 2408997.790000
40 0
19 0
766434.260000 1313769.130000
55 40
18 19
4016931.830000 6667122.080000
50 0
21 0
568330.320000 1126492.440000
53 55
21 21
1126492.440000 2183270.720000
55 51
21 21
2183270.720000 4016931.830000
51 50
21 21
300000 568330.320000
55 55
21 21
1282017.340000 1708032
50 50
25 25
300000 416202.600000
50 50
16 16
682715.410000 1282017.340000
50 50
20 25
1708032 2716055.870000
45 0
22 0
1207705.440000 1976190.410000
29 29
21 21
300000 491081.800000
20 20
18 18
397200 529669.020000
35 35
14 14
300000 311870.550000
80 80
14 14
320646.270000 353830.170000
50 70
11.500000 11.500000
300000 449166.680000
10 10
18 18
737605.140000 1207705.440000
14 14
18 18
449166.680000 737605.140000
10 10
17 17
806256.990000 1421783.620000
25 25
18 18
304868.180000 375767.550000
60 60
15 15
827346.070000 1316679.840000
50 50
19 19.900000
1976190.410000 2972658.440000
30 0
22 0
300000 304868.180000
60 60
12 12
293755.230000 320646.270000
60 60
12 12
375767.550000 430193.110000
80 80
15 15
545829.250000 827346.070000
30 30
20 20
2486559.580000 4225994.530000
25 0
19 0
430193.110000 474192.790000
80 80
13 13
870342.480000 1247422.220000
10 0
13 0
671573.030000 870342.480000
30 30
13 13
353830.170000 376430.640000
70 0
11.500000 0
1316679.840000 2265627.880000
50 0
19.900000 0
529669.020000 671573.030000
40 40
13.500000 13.500000
300000 491081.800000
20 30
18 19
474192.790000 516569.210000
90 0
14 0
311870.550000 293755.230000
100 100
14 14
